a 1 1 1
a 1 2 1
a 1 3 1
a 1 4 1
a 1 5 1
a 1 6 1
a 1 7 1
a 1 8 1
a 1 9 1
a 1 10 1
a 2 1 1
a 2 2 1
a 2 3 1
a 2 4 1
a 2 5 1
a 2 6 1
a 2 7 1
a 2 8 1
a 2 9 1
a 2 10 1
a 3 1 1
a 3 2 1
a 3 3 1
a 3 4 1
a 3 5 1
a 3 6 1
a 3 7 1
a 3 8 1
a 3 9 1
a 3 10 1
a 4 1 1
a 4 2 1
a 4 3 1
a 4 4 1
a 4 5 1
a 4 6 1
a 4 7 1
a 4 8 1
a 4 9 1
a 4 10 1
a 5 1 1
a 5 2 1
a 5 3 1
a 5 4 1
a 5 5 1
a 5 6 1
a 5 7 1
a 5 8 1
a 5 9 1
a 5 10 1
a 6 1 1
a 6 2 1
a 6 3 1
a 6 4 1
a 6 5 1
a 6 6 1
a 6 7 1
a 6 8 1
a 6 9 1
a 6 10 1
a 7 1 1
a 7 2 1
a 7 3 1
a 7 4 1
a 7 5 1
a 7 6 1
a 7 7 1
a 7 8 1
a 7 9 1
a 7 10 1
a 8 1 1
a 8 2 1
a 8 3 1
a 8 4 1
a 8 5 1
a 8 6 1
a 8 7 1
a 8 8 1
a 8 9 1
a 8 10 1
a 9 1 1
a 9 2 1
a 9 3 1
a 9 4 1
a 9 5 1
a 9 6 1
a 9 7 1
a 9 8 1
a 9 9 1
a 9 10 1
a 10 1 1
a 10 2 1
a 10 3 1
a 10 4 1
a 10 5 1
a 10 6 1
a 10 7 1
a 10 8 1
a 10 9 1
a 10 10 1
