b 1 1 1
b 1 2 1
b 1 3 1
b 1 4 1
b 1 5 1
b 1 6 1
b 1 7 1
b 1 8 1
b 1 9 1
b 1 10 1
b 2 1 1
b 2 2 1
b 2 3 1
b 2 4 1
b 2 5 1
b 2 6 1
b 2 7 1
b 2 8 1
b 2 9 1
b 2 10 1
b 3 1 1
b 3 2 1
b 3 3 1
b 3 4 1
b 3 5 1
b 3 6 1
b 3 7 1
b 3 8 1
b 3 9 1
b 3 10 1
b 4 1 1
b 4 2 1
b 4 3 1
b 4 4 1
b 4 5 1
b 4 6 1
b 4 7 1
b 4 8 1
b 4 9 1
b 4 10 1
b 5 1 1
b 5 2 1
b 5 3 1
b 5 4 1
b 5 5 1
b 5 6 1
b 5 7 1
b 5 8 1
b 5 9 1
b 5 10 1
b 6 1 1
b 6 2 1
b 6 3 1
b 6 4 1
b 6 5 1
b 6 6 1
b 6 7 1
b 6 8 1
b 6 9 1
b 6 10 1
b 7 1 1
b 7 2 1
b 7 3 1
b 7 4 1
b 7 5 1
b 7 6 1
b 7 7 1
b 7 8 1
b 7 9 1
b 7 10 1
b 8 1 1
b 8 2 1
b 8 3 1
b 8 4 1
b 8 5 1
b 8 6 1
b 8 7 1
b 8 8 1
b 8 9 1
b 8 10 1
b 9 1 1
b 9 2 1
b 9 3 1
b 9 4 1
b 9 5 1
b 9 6 1
b 9 7 1
b 9 8 1
b 9 9 1
b 9 10 1
b 10 1 1
b 10 2 1
b 10 3 1
b 10 4 1
b 10 5 1
b 10 6 1
b 10 7 1
b 10 8 1
b 10 9 1
b 10 10 1
